-620.7017861498766 0
-620.6846258805323 1
-620.6822659778687 2
-620.6742026639057 3
-620.6606356982917 4
-620.6561382058305 5
-620.6447282851964 6
-620.6304478149076 7
-620.6302715600934 8
-620.6295611508272 9
-620.6264931338093 10
-620.6065308867506 11
-620.5945464228361 12
-620.5937363307919 13
-620.5928229120449 14
-620.5905818825098 15
-620.5885765663638 16
-620.5823516108522 17
-620.5809835914495 18
-620.5597761887018 19
-620.5507982349275 20
-620.5440902215183 21
-620.543397726614 22
-620.5423910693744 23
-620.5365441722465 24
-620.536526344597 25
-620.526973274071 26
-620.526417323677 27
-620.5263227967301 28
-620.5230444323448 29
-620.5224902322166 30
-620.5131262953871 31
-620.5100821288215 32
-620.5051993064196 33
-620.5043942317124 34
-620.5022556551311 35
-620.5013253177339 36
-620.5006219945886 37
-620.4994477742883 38
-620.4994345308623 39
-620.4961393065557 40
-620.4679777776131 41
-620.4658310774705 42
-620.4586245217793 43
-620.4523261430372 44
-620.4102416651187 45
-620.4067554283387 46
-620.3859720213077 47
-620.3817339810327 48
-620.3795330524889 49
-620.3468707643152 50
-620.3423383576475 51
-620.3210454634681 52
-620.3008503775949 53
-620.2931866375316 54
-620.2032220319003 55
-620.1983342648625 56
-620.1960703950691 57
-620.1942267211123 58
-620.1825211004981 59
-620.1763229189065 60
-620.1138645004934 61
-620.0933200024407 62
-620.0556046311235 63
-620.0376194583864 64
-620.0348283605348 65
-620.0178396036608 66
-620.0157964174189 67
-620.0064080387607 68
-619.9667736396398 69
-619.9589795565995 70
-619.9433207445067 71
-619.9119285492253 72
-619.9001872061883 73
-619.8925432048226 74
-619.8807014131087 75
-619.8656131920452 76
-619.7882936195056 77
-619.765292203473 78
-619.7379686424841 79
-619.7013774379939 80
-619.6715424577004 81
-619.5797382092619 82
-619.5471471698629 83
-619.5439809718231 84
-619.4938283253651 85
-619.4684327044592 86
-619.455800413561 87
-618.9479523016017 88
-618.7645112692859 89
-618.6574256909742 90
-618.4040588744267 91
-617.4973672378908 92
-617.2026956854337 93
-617.1198196226311 94
-616.7722868227876 95
-615.8500989267247 96
