0.0        0.25642    0.12775    0.25642    0.12867   
0.0        1.40877    0.43851    1.40877    0.97026   
0.0        1.14252    0.46993    1.14252    0.67259   
0.0        0.64784    0.59418    0.64784    0.05366   
0.0        0.97104    0.8119     0.97104    0.15914   
0.0        1.10348    0.82373    1.10348    0.27976   
0.0        0.61717    0.90296    0.61717    -0.28578  
0.0        0.47099    0.31076    0.47099    0.16023   
0.0        0.60286    0.32192    0.60286    0.28094   
0.0        0.80415    0.34218    0.80415    0.46197   
0.0        0.66398    0.46643    0.66398    0.19755   
0.0        0.71705    0.68415    0.71705    0.03289   
0.0        0.80338    0.77521    0.80338    0.02818   
0.0        0.30705    0.03149    0.30705    0.27556   
0.0        0.21639    0.04264    0.21639    0.17375   
0.0        0.30569    0.0629     0.30569    0.24278   
0.0        0.69562    0.1847     0.69562    0.51092   
0.0        0.92291    0.18716    0.92291    0.73576   
0.0        0.51321    0.40488    0.51321    0.10833   
0.0        0.47342    0.49593    0.47342    -0.02251  
0.0        0.54478    0.01116    0.54478    0.53362   
0.0        0.61688    0.03141    0.61688    0.58547   
0.0        0.41442    0.15322    0.41442    0.26121   
0.0        0.31963    0.15567    0.31963    0.16396   
0.0        0.4102     0.37339    0.4102     0.03681   
0.0        0.62413    0.44383    0.62413    0.18029   
0.0        0.49587    0.46444    0.49587    0.03142   
0.0        0.25346    0.02026    0.25346    0.2332    
0.0        0.37016    0.14206    0.37016    0.2281    
0.0        0.51012    0.14452    0.51012    0.3656    
0.0        0.48848    0.36224    0.48848    0.12624   
0.0        0.38465    0.43268    0.38465    -0.04803  
0.0        0.47263    0.1218     0.47263    0.35083   
0.0        0.54042    0.12426    0.54042    0.41616   
0.0        0.70959    0.34198    0.70959    0.36762   
0.0        0.72085    0.232      0.72085    0.48885   
0.0        0.74955    0.05071    0.74955    0.69884   
0.0        0.64088    0.02061    0.64088    0.62027   
